{
 "cells": [
  {
   "cell_type": "code",
   "execution_count": null,
   "id": "fd2f52e5",
   "metadata": {},
   "outputs": [],
   "source": [
    "''' \n",
    "По данной работе необходимо подготовить отчет в формате блокнота Jupyter \n",
    "Notebook (.ipynb) либо в текстовом виде (.pdf). В отчете должны быть: \n",
    "1) исходные коды \n",
    "2) результаты выполнения. \n",
    "\n",
    "Основная часть (10 баллов) \n",
    "В этом задании вам предстоит построить модель для прогнозирования цены \n",
    "недвижимости в зависимости от того, в каком районе Бостона она располагается. \n",
    "1. Загрузите данные из файла \"boston.csv\" о недвижимости в различных районах \n",
    "Бостона. Столбцы (признаки) имеют следующий смысл: \n",
    "    a. CRIM – уровень преступности \n",
    "    b. ZN – доля жилых земель, разделенных на участки площадью более 25 000 кв.футов \n",
    "    c. INDUS – доля площадей, не связанных с розничной торговлей \n",
    "    d. CHAS – наличие реки (1, если граничит с рекой; 0 в противном случае) \n",
    "    e. NOX – качество воздуха (концентрация оксидов азота) \n",
    "    f. RM – среднее количество комнат в доме \n",
    "    g. AGE – доля жилых помещений, построенных владельцами до 1940 года \n",
    "    h. DIS – взвешенные расстояния до пяти бостонских центров занятости \n",
    "    i. RAD – транспортная доступность (индекс доступности радиальных автомагистралей) \n",
    "    j. TAX – налоги (ставка налога на 10 000 долларов США) \n",
    "    k. PTRATIO – соотношение количества учеников и учителей \n",
    "    l. B – нормированное значение доли афроамериканцев среди жителей \n",
    "    m. LSTAT – процент населения с низким социальным статусом \n",
    "    n. MEDV – медианная цена недвижимости (тыс. $) – это и будет целевой признак \n",
    "2. Проверьте, что у всех загруженных данных числовой тип. \n",
    "3. Проверьте, есть ли по каким-либо признакам отсутствующие данные. Если \n",
    "отсутствующие данные есть – заполните их медианным значением. \n",
    "4. Посчитайте коэффициент корреляции для всех пар признаков. Подсказка: \n",
    "воспользуйтесь методом corr() для датафрейма, чтобы получить сразу всю \n",
    "корреляционную матрицу. \n",
    "5. С помощью одной из библиотек визуализации постройте тепловую карту \n",
    "(heatmap) по корреляционной матрице. \n",
    "6. Выберите от 4 до 6 признаков (на свое усмотрение), которые в наибольшей степени \n",
    "коррелируют с целевым признаком (ценой недвижимости). \n",
    "Справка. Коэффициент корреляции изменяется от -1 до 1. Значение -1 означает \n",
    "точную обратно-пропорциональную зависимость (чем меньше одна переменная, \n",
    "тем больше вторая, и наоборот). Значение 1 означает точную прямо\n",
    "пропорциональную зависимость. Значение 0 означает полное отсутствие \n",
    "зависимости. Таким образом, чем ближе модуль коэффициента корреляции к 1, \n",
    "тем сильнее прослеживается зависимость между признаками. \n",
    "7. Для каждого из выбранных признаков в паре с целевым признаком постройте \n",
    "точечную диаграмму (диаграмму рассеяния). \n",
    "8. Визуально убедитесь, что связь между выбранным признаком и целевым \n",
    "прослеживается. Если на основе графика считаете, что зависимости нет – \n",
    "исключите этот признак из дальнейшего рассмотрения (но при этом как минимум \n",
    "3 признака должно остаться в любом случае). \n",
    "9. Сформируйте список факторных признаков и целевую переменную. \n",
    "10. Выполните разбиение датасета на обучающую и тестовую выборки в \n",
    "соотношении 8:2. При формировании обучающей и тестовой выборок строки из \n",
    "исходного датафрейма должны выбираться в случайном порядке. Подсказка: \n",
    "можно воспользоваться функцией train_test_split из библиотеки sklearn.model_selection. \n",
    "11. Из набора линейных моделей библиотеки sklearn возьмите линейную регрессию, \n",
    "обучите ее на обучающем наборе. \n",
    "12. Получите векторы прогнозных значений целевой переменной на обучающей и на \n",
    "тестовой выборках. \n",
    "13. Посчитайте коэффициент детерминации (R2) и корень из среднеквадратичной \n",
    "ошибки (RMSE) на обучающей и на тестовой выборках. \n",
    "\n",
    "Дополнительные задания (8 баллов) \n",
    "14. (1 балл) Постройте boxplot («ящик с усами») для целевого признака (MEDV). \n",
    "Определите, какие значения можно считать выбросами. \n",
    "Указание. Если по диаграмме выбросы определить не смогли, то для выполнения \n",
    "дальнейших действий считайте выбросами значения MEDV=50.0. \n",
    "15. (2 балла) Отфильтруйте исходные данные, удалив выбросы. Пересоздайте \n",
    "тестовую и обучающую выборки, переобучите модель. Посчитайте показатели R2 \n",
    "и RMSE. Как они изменились? О чем это говорит? \n",
    "16. (2 балла) Из набора линейных моделей библиотеки sklearn возьмите гребневую \n",
    "регрессию (Ridge). Обучите модель. Посчитайте показатели R2 и RMSE. \n",
    "17. (3 балла) Постройте полиномиальную регрессию с использованием полинома 3й \n",
    "степени. Посчитайте показатели R2 и RMSE. Сравните все полученные результаты.\n",
    "'''"
   ]
  },
  {
   "cell_type": "code",
   "execution_count": 1,
   "id": "3cac428e",
   "metadata": {},
   "outputs": [],
   "source": [
    "# Импорт необходимых библиотек\n",
    "import pandas as pd\n",
    "import matplotlib.pyplot as plt\n",
    "import seaborn as sns\n",
    "import numpy as np\n",
    "from sklearn.model_selection import train_test_split\n",
    "from sklearn.linear_model import LinearRegression\n",
    "from sklearn.metrics import r2_score, mean_squared_error\n",
    "from sklearn.linear_model import Ridge\n",
    "from sklearn.preprocessing import PolynomialFeatures\n",
    "from sklearn.pipeline import make_pipeline"
   ]
  },
  {
   "cell_type": "code",
   "execution_count": 2,
   "id": "4a3f4108",
   "metadata": {},
   "outputs": [
    {
     "name": "stdout",
     "output_type": "stream",
     "text": [
      "Информация о загруженных данных:\n",
      "<class 'pandas.core.frame.DataFrame'>\n",
      "RangeIndex: 506 entries, 0 to 505\n",
      "Data columns (total 14 columns):\n",
      " #   Column   Non-Null Count  Dtype  \n",
      "---  ------   --------------  -----  \n",
      " 0   CRIM     506 non-null    float64\n",
      " 1   ZN       506 non-null    float64\n",
      " 2   INDUS    506 non-null    float64\n",
      " 3   CHAS     506 non-null    float64\n",
      " 4   NOX      506 non-null    float64\n",
      " 5   RM       506 non-null    float64\n",
      " 6   AGE      506 non-null    float64\n",
      " 7   DIS      506 non-null    float64\n",
      " 8   RAD      506 non-null    float64\n",
      " 9   TAX      506 non-null    float64\n",
      " 10  PTRATIO  506 non-null    float64\n",
      " 11  B        506 non-null    float64\n",
      " 12  LSTAT    506 non-null    float64\n",
      " 13  MEDV     506 non-null    float64\n",
      "dtypes: float64(14)\n",
      "memory usage: 55.5 KB\n",
      "None\n",
      "Вывод первых 5 строк:\n"
     ]
    },
    {
     "data": {
      "text/html": [
       "<div>\n",
       "<style scoped>\n",
       "    .dataframe tbody tr th:only-of-type {\n",
       "        vertical-align: middle;\n",
       "    }\n",
       "\n",
       "    .dataframe tbody tr th {\n",
       "        vertical-align: top;\n",
       "    }\n",
       "\n",
       "    .dataframe thead th {\n",
       "        text-align: right;\n",
       "    }\n",
       "</style>\n",
       "<table border=\"1\" class=\"dataframe\">\n",
       "  <thead>\n",
       "    <tr style=\"text-align: right;\">\n",
       "      <th></th>\n",
       "      <th>CRIM</th>\n",
       "      <th>ZN</th>\n",
       "      <th>INDUS</th>\n",
       "      <th>CHAS</th>\n",
       "      <th>NOX</th>\n",
       "      <th>RM</th>\n",
       "      <th>AGE</th>\n",
       "      <th>DIS</th>\n",
       "      <th>RAD</th>\n",
       "      <th>TAX</th>\n",
       "      <th>PTRATIO</th>\n",
       "      <th>B</th>\n",
       "      <th>LSTAT</th>\n",
       "      <th>MEDV</th>\n",
       "    </tr>\n",
       "  </thead>\n",
       "  <tbody>\n",
       "    <tr>\n",
       "      <th>0</th>\n",
       "      <td>0.00632</td>\n",
       "      <td>18.0</td>\n",
       "      <td>2.31</td>\n",
       "      <td>0.0</td>\n",
       "      <td>0.538</td>\n",
       "      <td>6.575</td>\n",
       "      <td>65.2</td>\n",
       "      <td>4.0900</td>\n",
       "      <td>1.0</td>\n",
       "      <td>296.0</td>\n",
       "      <td>15.3</td>\n",
       "      <td>396.90</td>\n",
       "      <td>4.98</td>\n",
       "      <td>24.0</td>\n",
       "    </tr>\n",
       "    <tr>\n",
       "      <th>1</th>\n",
       "      <td>0.02731</td>\n",
       "      <td>0.0</td>\n",
       "      <td>7.07</td>\n",
       "      <td>0.0</td>\n",
       "      <td>0.469</td>\n",
       "      <td>6.421</td>\n",
       "      <td>78.9</td>\n",
       "      <td>4.9671</td>\n",
       "      <td>2.0</td>\n",
       "      <td>242.0</td>\n",
       "      <td>17.8</td>\n",
       "      <td>396.90</td>\n",
       "      <td>9.14</td>\n",
       "      <td>21.6</td>\n",
       "    </tr>\n",
       "    <tr>\n",
       "      <th>2</th>\n",
       "      <td>0.02729</td>\n",
       "      <td>0.0</td>\n",
       "      <td>7.07</td>\n",
       "      <td>0.0</td>\n",
       "      <td>0.469</td>\n",
       "      <td>7.185</td>\n",
       "      <td>61.1</td>\n",
       "      <td>4.9671</td>\n",
       "      <td>2.0</td>\n",
       "      <td>242.0</td>\n",
       "      <td>17.8</td>\n",
       "      <td>392.83</td>\n",
       "      <td>4.03</td>\n",
       "      <td>34.7</td>\n",
       "    </tr>\n",
       "    <tr>\n",
       "      <th>3</th>\n",
       "      <td>0.03237</td>\n",
       "      <td>0.0</td>\n",
       "      <td>2.18</td>\n",
       "      <td>0.0</td>\n",
       "      <td>0.458</td>\n",
       "      <td>6.998</td>\n",
       "      <td>45.8</td>\n",
       "      <td>6.0622</td>\n",
       "      <td>3.0</td>\n",
       "      <td>222.0</td>\n",
       "      <td>18.7</td>\n",
       "      <td>394.63</td>\n",
       "      <td>2.94</td>\n",
       "      <td>33.4</td>\n",
       "    </tr>\n",
       "    <tr>\n",
       "      <th>4</th>\n",
       "      <td>0.06905</td>\n",
       "      <td>0.0</td>\n",
       "      <td>2.18</td>\n",
       "      <td>0.0</td>\n",
       "      <td>0.458</td>\n",
       "      <td>7.147</td>\n",
       "      <td>54.2</td>\n",
       "      <td>6.0622</td>\n",
       "      <td>3.0</td>\n",
       "      <td>222.0</td>\n",
       "      <td>18.7</td>\n",
       "      <td>396.90</td>\n",
       "      <td>5.33</td>\n",
       "      <td>36.2</td>\n",
       "    </tr>\n",
       "  </tbody>\n",
       "</table>\n",
       "</div>"
      ],
      "text/plain": [
       "      CRIM    ZN  INDUS  CHAS    NOX     RM   AGE     DIS  RAD    TAX  \\\n",
       "0  0.00632  18.0   2.31   0.0  0.538  6.575  65.2  4.0900  1.0  296.0   \n",
       "1  0.02731   0.0   7.07   0.0  0.469  6.421  78.9  4.9671  2.0  242.0   \n",
       "2  0.02729   0.0   7.07   0.0  0.469  7.185  61.1  4.9671  2.0  242.0   \n",
       "3  0.03237   0.0   2.18   0.0  0.458  6.998  45.8  6.0622  3.0  222.0   \n",
       "4  0.06905   0.0   2.18   0.0  0.458  7.147  54.2  6.0622  3.0  222.0   \n",
       "\n",
       "   PTRATIO       B  LSTAT  MEDV  \n",
       "0     15.3  396.90   4.98  24.0  \n",
       "1     17.8  396.90   9.14  21.6  \n",
       "2     17.8  392.83   4.03  34.7  \n",
       "3     18.7  394.63   2.94  33.4  \n",
       "4     18.7  396.90   5.33  36.2  "
      ]
     },
     "execution_count": 2,
     "metadata": {},
     "output_type": "execute_result"
    }
   ],
   "source": [
    "# 1. Загрузите данные из файла \"boston.csv\" о недвижимости в различных районах \n",
    "# Бостона. Столбцы (признаки) имеют следующий смысл: \n",
    "#    a. CRIM – уровень преступности \n",
    "#    b. ZN – доля жилых земель, разделенных на участки площадью более 25 000 кв.футов \n",
    "#    c. INDUS – доля площадей, не связанных с розничной торговлей \n",
    "#    d. CHAS – наличие реки (1, если граничит с рекой; 0 в противном случае) \n",
    "#    e. NOX – качество воздуха (концентрация оксидов азота) \n",
    "#    f. RM – среднее количество комнат в доме \n",
    "#    g. AGE – доля жилых помещений, построенных владельцами до 1940 года \n",
    "#    h. DIS – взвешенные расстояния до пяти бостонских центров занятости \n",
    "#    i. RAD – транспортная доступность (индекс доступности радиальных автомагистралей) \n",
    "#    j. TAX – налоги (ставка налога на 10 000 долларов США) \n",
    "#    k. PTRATIO – соотношение количества учеников и учителей \n",
    "#    l. B – нормированное значение доли афроамериканцев среди жителей \n",
    "#    m. LSTAT – процент населения с низким социальным статусом \n",
    "#    n. MEDV – медианная цена недвижимости (тыс. $) – это и будет целевой признак \n",
    "\n",
    "data = pd.read_csv(\"boston.csv\")\n",
    "print('Информация о загруженных данных:')\n",
    "print(data.info())\n",
    "print('Вывод первых 5 строк:')\n",
    "data.head(5)"
   ]
  },
  {
   "cell_type": "code",
   "execution_count": 3,
   "id": "e0755d07",
   "metadata": {},
   "outputs": [
    {
     "name": "stdout",
     "output_type": "stream",
     "text": [
      "Типы даных признаков: \n",
      "CRIM       float64\n",
      "ZN         float64\n",
      "INDUS      float64\n",
      "CHAS       float64\n",
      "NOX        float64\n",
      "RM         float64\n",
      "AGE        float64\n",
      "DIS        float64\n",
      "RAD        float64\n",
      "TAX        float64\n",
      "PTRATIO    float64\n",
      "B          float64\n",
      "LSTAT      float64\n",
      "MEDV       float64\n",
      "dtype: object\n"
     ]
    }
   ],
   "source": [
    "# 2. Проверьте, что у всех загруженных данных числовой тип.\n",
    "# Из вывода информации о загруженных данных в пункте 1, можно сделать вывод что все значения имеют числовой тип \"float64\".\n",
    "# Однако можно повторно проверить, выведя только типы:\n",
    "print(f'Типы даных признаков: \\n{data.dtypes}')"
   ]
  },
  {
   "cell_type": "code",
   "execution_count": 4,
   "id": "6fb51423",
   "metadata": {},
   "outputs": [
    {
     "name": "stdout",
     "output_type": "stream",
     "text": [
      "Колличкство отсутствующих данных по признакам: \n",
      "CRIM       0\n",
      "ZN         0\n",
      "INDUS      0\n",
      "CHAS       0\n",
      "NOX        0\n",
      "RM         0\n",
      "AGE        0\n",
      "DIS        0\n",
      "RAD        0\n",
      "TAX        0\n",
      "PTRATIO    0\n",
      "B          0\n",
      "LSTAT      0\n",
      "MEDV       0\n",
      "dtype: int64\n"
     ]
    }
   ],
   "source": [
    "# 3. Проверьте, есть ли по каким-либо признакам отсутствующие данные. Если \n",
    "# отсутствующие данные есть – заполните их медианным значением. \n",
    "# Из вывода информации о загруженных данных в пункте 1, можно сделать вывод, что по каким-либо признакам отсутствующие данных нет (везде 506 значений).\n",
    "# Однако можно поаторно проверить, посчитав количество отсутствующие данных по признакам:\n",
    "\n",
    "print(f'Колличкство отсутствующих данных по признакам: \\n{data.isnull().sum()}')\n",
    "# Отсутствующих данных нет.\n",
    "\n",
    "# Если отсутствующие данные есть – заполните их медианным значением с помощью команды:\n",
    "#data.fillna(data.median(), inplace=True)"
   ]
  },
  {
   "cell_type": "code",
   "execution_count": 5,
   "id": "0c7c6da6",
   "metadata": {},
   "outputs": [
    {
     "name": "stdout",
     "output_type": "stream",
     "text": [
      "Корреляционная матрица:\n"
     ]
    },
    {
     "data": {
      "text/html": [
       "<div>\n",
       "<style scoped>\n",
       "    .dataframe tbody tr th:only-of-type {\n",
       "        vertical-align: middle;\n",
       "    }\n",
       "\n",
       "    .dataframe tbody tr th {\n",
       "        vertical-align: top;\n",
       "    }\n",
       "\n",
       "    .dataframe thead th {\n",
       "        text-align: right;\n",
       "    }\n",
       "</style>\n",
       "<table border=\"1\" class=\"dataframe\">\n",
       "  <thead>\n",
       "    <tr style=\"text-align: right;\">\n",
       "      <th></th>\n",
       "      <th>CRIM</th>\n",
       "      <th>ZN</th>\n",
       "      <th>INDUS</th>\n",
       "      <th>CHAS</th>\n",
       "      <th>NOX</th>\n",
       "      <th>RM</th>\n",
       "      <th>AGE</th>\n",
       "      <th>DIS</th>\n",
       "      <th>RAD</th>\n",
       "      <th>TAX</th>\n",
       "      <th>PTRATIO</th>\n",
       "      <th>B</th>\n",
       "      <th>LSTAT</th>\n",
       "      <th>MEDV</th>\n",
       "    </tr>\n",
       "  </thead>\n",
       "  <tbody>\n",
       "    <tr>\n",
       "      <th>CRIM</th>\n",
       "      <td>1.000000</td>\n",
       "      <td>-0.200469</td>\n",
       "      <td>0.406583</td>\n",
       "      <td>-0.055892</td>\n",
       "      <td>0.420972</td>\n",
       "      <td>-0.219247</td>\n",
       "      <td>0.352734</td>\n",
       "      <td>-0.379670</td>\n",
       "      <td>0.625505</td>\n",
       "      <td>0.582764</td>\n",
       "      <td>0.289946</td>\n",
       "      <td>-0.385064</td>\n",
       "      <td>0.455621</td>\n",
       "      <td>-0.388305</td>\n",
       "    </tr>\n",
       "    <tr>\n",
       "      <th>ZN</th>\n",
       "      <td>-0.200469</td>\n",
       "      <td>1.000000</td>\n",
       "      <td>-0.533828</td>\n",
       "      <td>-0.042697</td>\n",
       "      <td>-0.516604</td>\n",
       "      <td>0.311991</td>\n",
       "      <td>-0.569537</td>\n",
       "      <td>0.664408</td>\n",
       "      <td>-0.311948</td>\n",
       "      <td>-0.314563</td>\n",
       "      <td>-0.391679</td>\n",
       "      <td>0.175520</td>\n",
       "      <td>-0.412995</td>\n",
       "      <td>0.360445</td>\n",
       "    </tr>\n",
       "    <tr>\n",
       "      <th>INDUS</th>\n",
       "      <td>0.406583</td>\n",
       "      <td>-0.533828</td>\n",
       "      <td>1.000000</td>\n",
       "      <td>0.062938</td>\n",
       "      <td>0.763651</td>\n",
       "      <td>-0.391676</td>\n",
       "      <td>0.644779</td>\n",
       "      <td>-0.708027</td>\n",
       "      <td>0.595129</td>\n",
       "      <td>0.720760</td>\n",
       "      <td>0.383248</td>\n",
       "      <td>-0.356977</td>\n",
       "      <td>0.603800</td>\n",
       "      <td>-0.483725</td>\n",
       "    </tr>\n",
       "    <tr>\n",
       "      <th>CHAS</th>\n",
       "      <td>-0.055892</td>\n",
       "      <td>-0.042697</td>\n",
       "      <td>0.062938</td>\n",
       "      <td>1.000000</td>\n",
       "      <td>0.091203</td>\n",
       "      <td>0.091251</td>\n",
       "      <td>0.086518</td>\n",
       "      <td>-0.099176</td>\n",
       "      <td>-0.007368</td>\n",
       "      <td>-0.035587</td>\n",
       "      <td>-0.121515</td>\n",
       "      <td>0.048788</td>\n",
       "      <td>-0.053929</td>\n",
       "      <td>0.175260</td>\n",
       "    </tr>\n",
       "    <tr>\n",
       "      <th>NOX</th>\n",
       "      <td>0.420972</td>\n",
       "      <td>-0.516604</td>\n",
       "      <td>0.763651</td>\n",
       "      <td>0.091203</td>\n",
       "      <td>1.000000</td>\n",
       "      <td>-0.302188</td>\n",
       "      <td>0.731470</td>\n",
       "      <td>-0.769230</td>\n",
       "      <td>0.611441</td>\n",
       "      <td>0.668023</td>\n",
       "      <td>0.188933</td>\n",
       "      <td>-0.380051</td>\n",
       "      <td>0.590879</td>\n",
       "      <td>-0.427321</td>\n",
       "    </tr>\n",
       "    <tr>\n",
       "      <th>RM</th>\n",
       "      <td>-0.219247</td>\n",
       "      <td>0.311991</td>\n",
       "      <td>-0.391676</td>\n",
       "      <td>0.091251</td>\n",
       "      <td>-0.302188</td>\n",
       "      <td>1.000000</td>\n",
       "      <td>-0.240265</td>\n",
       "      <td>0.205246</td>\n",
       "      <td>-0.209847</td>\n",
       "      <td>-0.292048</td>\n",
       "      <td>-0.355501</td>\n",
       "      <td>0.128069</td>\n",
       "      <td>-0.613808</td>\n",
       "      <td>0.695360</td>\n",
       "    </tr>\n",
       "    <tr>\n",
       "      <th>AGE</th>\n",
       "      <td>0.352734</td>\n",
       "      <td>-0.569537</td>\n",
       "      <td>0.644779</td>\n",
       "      <td>0.086518</td>\n",
       "      <td>0.731470</td>\n",
       "      <td>-0.240265</td>\n",
       "      <td>1.000000</td>\n",
       "      <td>-0.747881</td>\n",
       "      <td>0.456022</td>\n",
       "      <td>0.506456</td>\n",
       "      <td>0.261515</td>\n",
       "      <td>-0.273534</td>\n",
       "      <td>0.602339</td>\n",
       "      <td>-0.376955</td>\n",
       "    </tr>\n",
       "    <tr>\n",
       "      <th>DIS</th>\n",
       "      <td>-0.379670</td>\n",
       "      <td>0.664408</td>\n",
       "      <td>-0.708027</td>\n",
       "      <td>-0.099176</td>\n",
       "      <td>-0.769230</td>\n",
       "      <td>0.205246</td>\n",
       "      <td>-0.747881</td>\n",
       "      <td>1.000000</td>\n",
       "      <td>-0.494588</td>\n",
       "      <td>-0.534432</td>\n",
       "      <td>-0.232471</td>\n",
       "      <td>0.291512</td>\n",
       "      <td>-0.496996</td>\n",
       "      <td>0.249929</td>\n",
       "    </tr>\n",
       "    <tr>\n",
       "      <th>RAD</th>\n",
       "      <td>0.625505</td>\n",
       "      <td>-0.311948</td>\n",
       "      <td>0.595129</td>\n",
       "      <td>-0.007368</td>\n",
       "      <td>0.611441</td>\n",
       "      <td>-0.209847</td>\n",
       "      <td>0.456022</td>\n",
       "      <td>-0.494588</td>\n",
       "      <td>1.000000</td>\n",
       "      <td>0.910228</td>\n",
       "      <td>0.464741</td>\n",
       "      <td>-0.444413</td>\n",
       "      <td>0.488676</td>\n",
       "      <td>-0.381626</td>\n",
       "    </tr>\n",
       "    <tr>\n",
       "      <th>TAX</th>\n",
       "      <td>0.582764</td>\n",
       "      <td>-0.314563</td>\n",
       "      <td>0.720760</td>\n",
       "      <td>-0.035587</td>\n",
       "      <td>0.668023</td>\n",
       "      <td>-0.292048</td>\n",
       "      <td>0.506456</td>\n",
       "      <td>-0.534432</td>\n",
       "      <td>0.910228</td>\n",
       "      <td>1.000000</td>\n",
       "      <td>0.460853</td>\n",
       "      <td>-0.441808</td>\n",
       "      <td>0.543993</td>\n",
       "      <td>-0.468536</td>\n",
       "    </tr>\n",
       "    <tr>\n",
       "      <th>PTRATIO</th>\n",
       "      <td>0.289946</td>\n",
       "      <td>-0.391679</td>\n",
       "      <td>0.383248</td>\n",
       "      <td>-0.121515</td>\n",
       "      <td>0.188933</td>\n",
       "      <td>-0.355501</td>\n",
       "      <td>0.261515</td>\n",
       "      <td>-0.232471</td>\n",
       "      <td>0.464741</td>\n",
       "      <td>0.460853</td>\n",
       "      <td>1.000000</td>\n",
       "      <td>-0.177383</td>\n",
       "      <td>0.374044</td>\n",
       "      <td>-0.507787</td>\n",
       "    </tr>\n",
       "    <tr>\n",
       "      <th>B</th>\n",
       "      <td>-0.385064</td>\n",
       "      <td>0.175520</td>\n",
       "      <td>-0.356977</td>\n",
       "      <td>0.048788</td>\n",
       "      <td>-0.380051</td>\n",
       "      <td>0.128069</td>\n",
       "      <td>-0.273534</td>\n",
       "      <td>0.291512</td>\n",
       "      <td>-0.444413</td>\n",
       "      <td>-0.441808</td>\n",
       "      <td>-0.177383</td>\n",
       "      <td>1.000000</td>\n",
       "      <td>-0.366087</td>\n",
       "      <td>0.333461</td>\n",
       "    </tr>\n",
       "    <tr>\n",
       "      <th>LSTAT</th>\n",
       "      <td>0.455621</td>\n",
       "      <td>-0.412995</td>\n",
       "      <td>0.603800</td>\n",
       "      <td>-0.053929</td>\n",
       "      <td>0.590879</td>\n",
       "      <td>-0.613808</td>\n",
       "      <td>0.602339</td>\n",
       "      <td>-0.496996</td>\n",
       "      <td>0.488676</td>\n",
       "      <td>0.543993</td>\n",
       "      <td>0.374044</td>\n",
       "      <td>-0.366087</td>\n",
       "      <td>1.000000</td>\n",
       "      <td>-0.737663</td>\n",
       "    </tr>\n",
       "    <tr>\n",
       "      <th>MEDV</th>\n",
       "      <td>-0.388305</td>\n",
       "      <td>0.360445</td>\n",
       "      <td>-0.483725</td>\n",
       "      <td>0.175260</td>\n",
       "      <td>-0.427321</td>\n",
       "      <td>0.695360</td>\n",
       "      <td>-0.376955</td>\n",
       "      <td>0.249929</td>\n",
       "      <td>-0.381626</td>\n",
       "      <td>-0.468536</td>\n",
       "      <td>-0.507787</td>\n",
       "      <td>0.333461</td>\n",
       "      <td>-0.737663</td>\n",
       "      <td>1.000000</td>\n",
       "    </tr>\n",
       "  </tbody>\n",
       "</table>\n",
       "</div>"
      ],
      "text/plain": [
       "             CRIM        ZN     INDUS      CHAS       NOX        RM       AGE  \\\n",
       "CRIM     1.000000 -0.200469  0.406583 -0.055892  0.420972 -0.219247  0.352734   \n",
       "ZN      -0.200469  1.000000 -0.533828 -0.042697 -0.516604  0.311991 -0.569537   \n",
       "INDUS    0.406583 -0.533828  1.000000  0.062938  0.763651 -0.391676  0.644779   \n",
       "CHAS    -0.055892 -0.042697  0.062938  1.000000  0.091203  0.091251  0.086518   \n",
       "NOX      0.420972 -0.516604  0.763651  0.091203  1.000000 -0.302188  0.731470   \n",
       "RM      -0.219247  0.311991 -0.391676  0.091251 -0.302188  1.000000 -0.240265   \n",
       "AGE      0.352734 -0.569537  0.644779  0.086518  0.731470 -0.240265  1.000000   \n",
       "DIS     -0.379670  0.664408 -0.708027 -0.099176 -0.769230  0.205246 -0.747881   \n",
       "RAD      0.625505 -0.311948  0.595129 -0.007368  0.611441 -0.209847  0.456022   \n",
       "TAX      0.582764 -0.314563  0.720760 -0.035587  0.668023 -0.292048  0.506456   \n",
       "PTRATIO  0.289946 -0.391679  0.383248 -0.121515  0.188933 -0.355501  0.261515   \n",
       "B       -0.385064  0.175520 -0.356977  0.048788 -0.380051  0.128069 -0.273534   \n",
       "LSTAT    0.455621 -0.412995  0.603800 -0.053929  0.590879 -0.613808  0.602339   \n",
       "MEDV    -0.388305  0.360445 -0.483725  0.175260 -0.427321  0.695360 -0.376955   \n",
       "\n",
       "              DIS       RAD       TAX   PTRATIO         B     LSTAT      MEDV  \n",
       "CRIM    -0.379670  0.625505  0.582764  0.289946 -0.385064  0.455621 -0.388305  \n",
       "ZN       0.664408 -0.311948 -0.314563 -0.391679  0.175520 -0.412995  0.360445  \n",
       "INDUS   -0.708027  0.595129  0.720760  0.383248 -0.356977  0.603800 -0.483725  \n",
       "CHAS    -0.099176 -0.007368 -0.035587 -0.121515  0.048788 -0.053929  0.175260  \n",
       "NOX     -0.769230  0.611441  0.668023  0.188933 -0.380051  0.590879 -0.427321  \n",
       "RM       0.205246 -0.209847 -0.292048 -0.355501  0.128069 -0.613808  0.695360  \n",
       "AGE     -0.747881  0.456022  0.506456  0.261515 -0.273534  0.602339 -0.376955  \n",
       "DIS      1.000000 -0.494588 -0.534432 -0.232471  0.291512 -0.496996  0.249929  \n",
       "RAD     -0.494588  1.000000  0.910228  0.464741 -0.444413  0.488676 -0.381626  \n",
       "TAX     -0.534432  0.910228  1.000000  0.460853 -0.441808  0.543993 -0.468536  \n",
       "PTRATIO -0.232471  0.464741  0.460853  1.000000 -0.177383  0.374044 -0.507787  \n",
       "B        0.291512 -0.444413 -0.441808 -0.177383  1.000000 -0.366087  0.333461  \n",
       "LSTAT   -0.496996  0.488676  0.543993  0.374044 -0.366087  1.000000 -0.737663  \n",
       "MEDV     0.249929 -0.381626 -0.468536 -0.507787  0.333461 -0.737663  1.000000  "
      ]
     },
     "execution_count": 5,
     "metadata": {},
     "output_type": "execute_result"
    }
   ],
   "source": [
    "# 4. Посчитайте коэффициент корреляции для всех пар признаков. Подсказка: \n",
    "# воспользуйтесь методом corr() для датафрейма, чтобы получить сразу всю \n",
    "# корреляционную матрицу. \n",
    "\n",
    "correlation_matrix = data.corr()\n",
    "print(f'Корреляционная матрица:')\n",
    "correlation_matrix"
   ]
  },
  {
   "cell_type": "code",
   "execution_count": 6,
   "id": "e1d0046b",
   "metadata": {},
   "outputs": [
    {
     "data": {
